water
28064
2471
2172
25728
21709
19542
16956
8487
6627
16396
595
31102
2162
11203
30693
10510
9926
31614
15456
5503
27609
31271
14938
5816
15822
21947
29891
12284
481
29006
26575
30784
15373
21275
11962
51
28416
16110
17966
30741
7030
13788
18716
13605
18493
19338
4520
3757
26753
28226
19288
21309
31766
635
16725
13285
15100
13453
15445
26044
10144
25690
140
16033
27400
31005
2617
19259
5209
8009
8617
23589
5701
32627
25966
26200
28414
23606
3521
29372
31868
13967
2555
4574
20722
24005
4408
31194
30589
26213
31860
24262
18181
27694
7801
6135
26700
23846
11836
700
30703
7625
7215
11791
22388
12214
5941
1353
3946
27826
19407
31193
